LYNK TOWER 1            
1 52162U 22033F   25023.16866677  .00032071  00000+0  62975-3 0  9999
2 52162  97.3036 109.8314 0004928 214.8609 145.2319 15.47246257157039
LYNK TOWER 4            
1 55034U 23001AB  25023.11059146  .00012642  00000+0  53551-3 0  9998
2 55034  97.3967  83.0319 0011422 124.8685 235.3628 15.23233446113904
LYNK TOWER 3            
1 55046U 23001AP  25023.57418749  .00012971  00000+0  53908-3 0  9990
2 55046  97.3969  83.8193 0011660 124.6303 235.6035 15.23870050113998
LYNK TOWER 5            
1 59121U 24043Z   25023.79222267  .00010626  00000+0  45991-3 0  9995
2 59121  97.4963 151.9252 0011720 239.2900 120.7182 15.22547943 49319
LYNK TOWER 6            
1 59123U 24043AB  25023.77986013  .00010256  00000+0  45365-3 0  9995
2 59123  97.4939 151.6809 0011272 239.8228 120.1891 15.21820691 49303
