SPACEMOBILE-003         
1 61045U 24163A   25023.55832948  .00008676  00000+0  42249-3 0  9998
2 61045  52.9728 132.0481 0011558  11.7611 348.3650 15.19091094 20232
SPACEMOBILE-005         
1 61046U 24163B   25023.60634359  .00007193  00000+0  35289-3 0  9990
2 61046  52.9753 131.6630 0011519  17.2986 342.8398 15.19097974 20236
SPACEMOBILE-001         
1 61047U 24163C   25023.60603868  .00007015  00000+0  34465-3 0  9990
2 61047  52.9717 131.6009 0011467  18.2044 341.9357 15.19087493 20235
SPACEMOBILE-002         
1 61048U 24163D   25023.52450025  .00008109  00000+0  39564-3 0  9997
2 61048  52.9778 131.8491 0011272  21.6376 338.5092 15.19118182 20227
SPACEMOBILE-004         
1 61049U 24163E   25023.70664615  .00008757  00000+0  42568-3 0  9997
2 61049  52.9767 130.8518 0011728  28.0518 332.1105 15.19139557 20257
